500
688
441
755
461
606
189
796
54
272
20
147
949
965
794
985
118
699
234
417
197
777
996
938
495
319
948
906
414
75
661
360
550
121
580
426
559
62
36
902
3
493
330
99
841
424
963
486
829
43
538
336
422
839
791
843
894
960
940
745
47
597
158
192
147
371
740
716
619
298
852
313
109
80
689
429
208
665
84
880
684
17
357
434
840
876
546
371
662
184
997
500
907
428
840
32
273
867
216
501
34
644
20
898
585
388
451
549
309
635
201
712
52
274
88
656
777
297
819
114
918
965
758
423
378
221
94
440
266
821
963
846
356
94
516
955
416
153
295
16
427
712
683
759
69
49
809
975
57
736
844
122
958
952
125
474
148
22
424
505
713
570
148
360
471
730
24
787
852
751
946
202
573
345
139
195
187
868
343
509
417
967
67
697
725
823
232
14
881
630
671
749
219
559
47
929
693
971
401
140
277
848
799
885
787
6
567
233
397
546
69
112
628
59
79
673
909
139
830
900
80
981
457
95
608
646
857
48
395
99
628
532
333
495
709
462
77
414
901
676
439
681
743
129
429
893
78
601
1000
93
116
766
542
486
805
506
299
621
706
228
415
485
532
812
1000
906
237
295
46
226
892
590
345
836
218
38
681
120
137
89
803
630
681
534
797
43
878
722
633
821
964
334
696
436
512
525
238
644
736
606
343
102
894
631
265
299
997
625
299
215
19
294
683
606
219
604
635
631
626
950
853
269
570
213
901
348
425
737
565
977
831
894
539
70
464
969
622
788
768
879
423
968
455
340
995
775
661
164
781
641
690
400
280
880
850
629
732
754
933
659
36
905
641
392
113
606
479
606
989
653
793
444
922
803
942
299
931
33
681
800
164
319
453
946
650
624
567
319
940
569
711
22
103
128
723
697
943
285
138
325
20
426
203
983
318
548
678
215
334
870
947
438
574
509
568
75
433
981
209
990
225
687
648
390
552
908
663
88
437
285
823
939
226
448
354
689
764
579
565
525
42
99
540
827
811
815
746
89
531
328
103
238
563
571
921
408
552
915
631
4
246
67
659
199
311
5
199
608
21
417
368
714
300
288
909
593
719
528
150
205
713
812
103
250
987
82
585
622
531
442
786
519
673
937
824
39
338
720
210
834
539
