500
425215
637437
578707
810987
963412
13143
872402
189648
284272
943799
120063
932053
217994
77715
176874
277173
126789
299091
20039
397299
35019
90781
970248
214103
921628
927848
618034
575951
354968
532258
760482
517535
217235
711963
98383
244263
694702
751181
396465
697441
13526
431205
998426
661614
878894
982395
511409
864838
177718
314271
647426
439572
324334
447324
514926
786139
603220
83018
268025
975903
552094
630602
83247
126511
495415
899045
571167
936963
733615
857601
662322
402856
740742
98686
420561
736977
677695
665176
472556
643293
131019
359389
391296
902812
995381
586852
945791
226617
347385
67810
284443
348465
584423
535849
762514
880528
552208
689238
769666
467501
867995
203461
987957
366152
588555
845608
937597
739518
110928
985590
557830
24744
492078
819632
655862
615615
852521
385863
520952
28155
340973
617212
69913
65468
566657
289405
121391
143614
755574
495078
33277
484507
480354
553064
367204
461661
401913
525904
139453
160568
703909
788524
160621
24563
332965
787826
192869
688546
808822
17918
23776
298771
466690
138850
59233
643616
166561
11622
16086
72494
618972
301388
725630
170009
59143
391351
360193
278564
922769
815281
955819
116703
857875
982369
928620
209349
541743
11799
10896
988574
613745
640590
124152
463920
241069
880140
939647
19484
745395
190745
807501
435897
630769
904233
980693
801425
758671
145401
740601
399621
434200
564119
749214
314552
321179
110911
770763
231444
87125
382474
917010
120869
218705
829208
736694
224974
840579
285981
40272
612917
977340
103787
825068
227163
686868
548808
397077
537949
847449
550407
993326
340722
254177
255399
600838
430720
439536
564322
223378
888643
844610
471572
479786
724731
421410
237133
737561
894017
239760
357725
282538
889879
481411
354461
113259
487131
102120
440030
663763
23613
346469
674414
214741
617327
343160
206807
522792
795414
686529
172519
497219
879551
903264
307539
540568
930155
52295
213593
607139
469740
188206
355674
134877
812135
292388
297235
21788
933441
522393
999891
247021
488735
26311
822225
289000
118302
22532
647069
139877
764036
238077
857196
942456
976712
522906
572608
255982
979868
397231
682062
947079
170946
99735
414473
625422
493962
508422
482310
775668
667967
251541
884071
459057
302686
249486
928968
222028
282131
549556
728652
985984
629943
450794
899421
70268
600399
585834
43803
744069
488192
250783
25497
682973
936480
718676
906372
792269
230820
925386
442625
924226
990149
683247
405931
615237
815644
843478
220564
749117
594601
933048
369201
745018
37325
168580
384958
999758
772530
969106
74309
515770
187007
788615
116183
991716
459568
743981
922211
121576
671045
551742
983221
538102
515226
104802
302893
767146
407825
940325
437727
613106
809312
62930
119999
477143
561670
425436
504413
547963
60047
142249
942678
293647
393611
217630
892644
992824
982456
395240
204524
769157
560550
612877
727455
437912
545786
647717
647430
11763
721230
968673
566655
673410
73659
102248
106084
320739
46079
509971
738766
471670
255239
640351
278120
867094
10284
515793
687827
650434
201375
218844
625452
976874
124686
58811
468361
793454
572085
45096
916739
47723
683653
62773
951341
651642
36095
188182
473209
394771
674968
173329
737020
77710
83252
687692
410562
875699
794239
203850
92345
290564
573762
633229
964708
257415
193539
287072
160121
894107
830041
388842
149832
290391
446746
601115
698182
888722
440361
15083
387482
520651
218620
505701
475804
645585
125962
808799
866719
418606
347618
