500
502880
820243
525503
166749
229417
928411
420398
56953
156796
956884
881394
393210
570152
580570
506310
222675
262883
880536
769556
462533
427238
291460
774628
484045
800574
989531
557209
895607
977930
159078
320433
241126
218578
13697
292362
350844
496595
975662
515845
301121
154202
742826
8562
554447
130166
753075
842789
961418
861533
696176
953650
293651
8722
109144
80863
862934
44865
67507
583533
375959
411666
122483
496778
503221
289806
142761
980896
638439
964738
628861
356591
987795
63382
275874
235996
267481
138085
29510
860842
95990
358522
190698
666876
503608
113951
832741
528322
52577
510671
166957
96933
370402
488140
815560
607136
404971
992972
108570
314833
751476
130844
354699
248563
524441
70400
805082
779307
673127
431322
494138
866446
414392
669856
476398
158341
531175
271378
943436
132733
114286
897443
621788
19252
233156
753430
820137
501276
909826
362232
237039
997172
112541
783215
808655
901601
987776
374548
805266
393911
535481
444946
692697
298168
626584
864804
170316
564090
417045
53028
965024
890685
592081
979112
516775
682890
974878
574482
279929
457917
410243
334312
545595
16724
941232
951343
464727
742286
726192
679104
370803
401987
210498
282087
944336
192364
275189
764737
185006
462176
316441
206051
547282
155327
54284
716746
942781
832590
770038
41399
731580
901860
519455
948599
549466
363195
45292
785839
560899
492907
807807
489875
409425
562230
784834
258647
475740
785861
742176
703062
110075
739732
841546
109643
915195
484661
292198
979777
857321
150998
803038
520613
820723
780968
90782
70602
525687
221341
236482
736136
65068
664234
59668
79021
408487
433560
831630
772590
471004
440721
35246
665454
214962
445469
670662
339681
959968
808240
146648
647559
168702
685280
770780
735639
798706
232926
903695
747718
444948
608221
560982
491029
360919
923216
426762
134489
919645
3642
606229
968544
524096
90645
110716
256488
275771
508773
445622
36114
4134
779504
189770
313966
394910
242716
632337
54902
661960
557835
755933
153021
531078
684868
326597
206220
622547
476534
750273
86370
43815
677443
673632
258274
186093
794474
874884
90310
563499
765738
271606
868362
830367
57689
609250
881812
559293
671946
995050
256872
111857
51917
149534
716812
154809
37841
453523
96095
442327
831728
844505
642289
667632
12316
611406
580241
752472
334656
220040
919452
99534
964371
205612
225874
351461
980772
475846
171227
150129
551208
442222
666354
677775
698750
345559
272984
323856
363222
251938
207324
483069
598202
152133
963335
245365
89537
95717
150308
97386
730196
997783
992513
483084
404004
891817
277496
521295
512570
771443
115295
836193
710820
900542
225241
245323
785406
137598
529250
200655
485002
760856
465599
995063
449956
789203
370109
258518
806477
328056
24007
160444
55820
944235
671892
479963
637750
763309
350960
86364
53520
882002
724399
651844
359234
258158
790587
179554
917843
597957
795061
901831
577182
907785
897406
264969
315032
154991
147233
162025
752984
6195
397763
778401
569647
456691
331691
34048
323744
387282
431529
439357
63225
830463
727242
583076
466974
892887
67819
980084
552881
497111
345357
724670
148528
365344
67920
534013
230053
470119
146600
248945
406621
410100
915515
744641
654570
589044
935214
504919
546405
859909
328068
505440
621487
784498
911770
532728
396229
584738
478697
742886
31839
994296
819236
75720
719716
120130
815378
195226
519605
481868
892860
307477
135186
804970
692961
231064
123980
529307
494575
114198
413697
206633
