500
558535
900920
203009
658674
740576
231762
550221
162216
272939
949391
516182
678712
430720
653088
743260
193467
454051
658263
240173
426779
658427
424066
787822
285176
349814
683355
434257
887440
736410
531366
362038
860040
882411
167865
255525
713452
624568
612458
993678
875021
752891
82490
855463
826380
727756
444109
777427
487158
279483
875742
553118
623647
332309
584602
713624
336485
87105
623142
391140
439765
121329
993446
238416
877306
188186
240349
84997
326110
183307
743604
5623
126435
356092
388312
938529
846761
171644
939202
641834
173266
577759
752494
240900
162585
875271
714981
287656
19521
72
685369
228388
958915
132650
714822
273952
535927
59553
681739
316536
861723
424777
240517
777572
389501
78932
223904
251508
911816
259341
521876
650567
25445
274273
523836
58103
901078
945034
399184
525069
424628
434771
698012
839253
896798
236152
500926
294549
881037
201668
373725
940226
808359
285541
449975
154026
896090
819440
995653
649482
856470
719910
677623
199833
449319
174554
99651
931054
388450
495227
293700
78008
972493
571462
640831
837081
524543
407478
955966
935420
744591
912372
423038
426040
119270
900454
24529
738972
452611
549395
916620
531010
974139
987439
557583
971588
325051
819650
890503
691169
384222
560622
166021
249106
135290
444716
30144
182844
471420
458315
747606
47494
731204
553154
924300
978905
917193
219612
714872
883541
482669
759257
586967
409039
867768
986185
438155
853415
890996
189074
405676
310880
653713
238774
374911
263348
3319
602549
177884
558033
660246
892561
566100
800743
531191
532172
610418
436949
623461
896182
369636
69388
406837
450149
246352
895806
24165
631808
916480
662063
272704
373179
875900
841515
466750
124630
415530
574788
10285
982738
381484
259627
818139
251205
313474
278604
147977
565769
252727
994004
157024
109904
948151
163803
242562
82051
903381
295047
740173
428686
880718
466315
636316
729778
502315
119557
152298
199334
282114
503205
656355
78598
772662
949403
980201
693452
808866
474744
409293
143784
770231
510641
933368
49727
990600
12199
842171
457648
536533
706162
922803
577972
237115
470604
692839
431829
235571
919702
387325
389092
177279
281508
480933
556337
292457
745415
295584
238564
927716
59639
382489
177387
326392
238261
863024
424690
515577
77318
837906
403109
723199
662948
914030
252247
154768
614186
34562
263905
890534
352834
237394
910855
498238
457003
69506
445580
700493
361319
619016
118260
289740
592870
145289
604752
718836
768659
990547
934583
754015
389598
165663
656830
455100
139634
859509
322231
956667
4640
783093
806894
504299
741135
356982
607962
444153
697918
320423
609164
729978
49624
455160
959815
192156
61420
59635
703526
549789
870544
369744
739872
756990
652764
644799
801234
787973
451688
756111
693674
385142
639084
790471
313525
247327
94011
701274
948776
75429
910278
145612
607349
65562
106370
845678
524623
573851
486926
714636
121864
826781
210642
426169
411507
252535
350677
665335
188545
210109
199436
272368
933890
805259
508719
524316
384777
368606
661070
913921
281246
235487
914574
282225
336000
692187
177451
885285
262212
365393
958147
368359
784234
229713
408813
355556
811131
685498
958219
84902
748812
138114
211628
852483
912181
507062
140199
738102
844550
425350
424598
701780
593348
571547
949172
8572
693156
422268
199824
839038
922357
466117
326978
542111
789118
830709
219320
362673
380216
438333
163590
740619
108010
609222
976534
297024
433989
285212
723085
286981
959613
408772
553720
949594
