16 43
21 21
5 151
1 461
6 101
9 21
4 199
6 9
16 17
4 5
7 21
13 73
5 193
2 397
5 197
2 59
3 233
13 18
3 139
1 197
21 37
12 83
14 67
15 33
11 29
12 79
6 151
18 23
5 15
1 661
18 20
22 25
11 11
20 29
6 71
13 43
2 31
6 6
22 41
1 3
17 29
15 22
9 11
29 29
8 53
9 107
18 27
1 829
1 43
2 269
16 21
2 211
1 839
7 113
3 281
6 149
30 32
20 47
5 149
1 47
3 199
2 79
12 16
7 21
7 53
20 37
4 179
1 619
2 149
12 71
1 313
1 109
8 10
13 53
13 33
13 16
19 35
7 12
22 40
19 36
1 17
17 21
14 31
28 30
12 73
21 26
7 53
2 331
8 23
1 997
20 25
1 907
4 107
28 30
4 8
13 21
17 51
12 18
3 167
2 17
23 28
4 5
2 449
15 39
4 97
11 41
9 61
3 103
5 127
3 67
8 89
4 13
2 137
8 11
16 41
21 37
11 27
21 39
6 19
27 34
5 193
2 379
9 47
18 21
13 17
2 47
20 22
14 19
1 821
9 107
18 47
4 89
2 47
12 43
5 191
16 26
9 17
5 59
4 4
7 61
8 89
1 683
23 33
3 23
7 7
1 809
25 39
3 19
23 32
4 211
2 61
2 479
28 34
5 25
6 79
4 37
2 11
8 53
5 101
23 31
19 30
4 37
18 20
3 157
10 73
4 6
1 787
12 71
1 751
22 43
2 101
3 191
15 23
1 139
13 15
11 17
28 31
7 49
1 509
3 139
1 967
1 67
17 41
25 29
1 823
8 29
2 7
1 881
21 30
11 61
7 107
3 73
13 43
1 47
1 929
21 33
1 971
1 401
10 14
1 277
16 53
17 47
15 59
1 787
2 3
21 27
1 233
1 397
21 26
3 23
8 14
4 157
1 59
1 79
1 673
9 101
1 139
10 83
30 30
8 10
9 109
1 457
5 19
19 32
19 34
1 857
6 8
5 79
9 11
4 157
19 28
9 37
15 33
1 709
21 22
7 11
18 23
17 53
26 26
1 439
3 227
1 743
3 43
13 33
19 47
6 13
1 601
25 40
3 31
4 29
2 383
2 271
18 27
23 35
22 23
13 23
23 27
2 353
12 19
5 83
5 97
19 28
28 29
25 40
6 151
3 79
5 59
2 23
2 113
4 223
10 59
15 23
22 38
2 109
2 19
3 227
10 12
1 137
1 89
11 73
21 30
3 227
6 89
1 797
1 43
2 439
19 38
3 211
1 821
4 241
2 167
24 29
4 109
16 32
21 25
14 17
23 28
23 32
6 101
7 49
6 17
6 149
1 631
5 53
13 23
1 997
25 25
13 23
5 43
1 19
14 21
1 683
6 101
3 73
4 151
5 127
1 631
2 313
25 38
1 853
1 269
19 30
3 71
17 53
12 29
17 25
11 67
5 113
1 977
3 277
6 149
11 49
7 10
16 29
19 51
2 311
4 197
24 32
3 293
9 47
22 44
13 35
17 20
5 199
25 31
1 661
4 41
11 71
1 641
23 30
20 20
14 20
22 40
25 34
17 37
12 61
26 29
3 311
1 659
6 6
5 181
1 641
14 28
1 113
6 101
1 479
6 101
23 43
1 653
13 61
12 37
2 461
11 73
6 157
13 23
19 49
3 11
3 227
25 32
4 41
11 29
3 151
22 43
25 26
24 26
21 27
11 29
20 47
1 569
9 79
2 11
1 103
8 16
3 241
17 41
23 41
15 19
6 23
13 25
4 5
6 71
7 29
1 983
6 53
4 137
6 113
5 43
2 167
29 30
1 947
6 73
14 41
1 509
8 71
5 15
1 433
9 109
11 19
30 33
15 15
3 229
24 27
15 26
23 24
4 227
17 39
8 11
19 23
15 19
1 823
3 313
2 113
16 28
6 59
13 53
4 191
3 193
5 113
21 25
6 7
9 11
20 27
1 827
1 811
5 163
2 373
1 89
9 59
8 41
1 103
14 17
1 563
1 571
3 307
17 24
23 24
15 61
1 631
2 2
6 41
1 67
1 659
1 199
1 311
1 5
1 199
19 32
3 7
3 139
16 23
21 34
15 20
16 18
9 101
1 593
1 719
22 24
10 15
5 41
23 31
28 29
1 103
10 25
21 47
2 41
15 39
2 311
9 59
17 26
6 131
3 173
1 673
1 937
8 103
3 13
13 26
24 30
14 15
6 139
11 49
