35 12149
3 212479
179 3233
3 270329
4 240853
39 337
62 14071
432 439
436 652
1 943799
93 1291
179 5207
322 677
165 471
246 719
309 897
39 3251
39 7669
29 691
21 18919
27 1297
23 3947
24 40427
251 853
452 2039
8 115981
82 7537
53 10867
8 44371
2 266129
54 14083
445 1163
115 1889
189 3767
37 2659
3 81421
829 838
1 751181
15 26431
1 697441
2 6763
445 969
286 3491
6 110269
934 941
855 1149
1 511409
899 962
34 5227
9 34919
673 962
84 5233
514 631
12 37277
18 28607
37 21247
20 30161
206 403
355 755
3 325301
2 276047
434 1453
3 27749
341 371
5 99083
595 1511
9 63463
9 104107
155 4733
621 1381
661 1002
296 1361
6 123457
266 371
563 747
591 1247
415 1633
584 1139
196 2411
63 10211
357 367
1 359389
384 1019
316 2857
1 995381
28 20959
781 1211
3 75539
15 23159
10 6781
61 4663
195 1787
49 11927
1 535849
326 2339
176 5003
16 34513
649 1062
274 2809
109 4289
5 173599
1 203461
81 12197
296 1237
615 957
8 105701
239 3923
741 998
48 2311
846 1165
613 910
24 1031
6 82013
176 4657
74 8863
715 861
1 852521
3 128621
8 65119
15 1877
349 977
4 154303
151 463
52 1259
479 1183
5 57881
19 6389
2 71807
6 125929
654 757
107 311
79 6133
42 11437
538 1028
4 91801
3 153887
9 44657
16 32869
37 3769
8 20071
181 3889
44 17921
1 160621
121 203
5 66593
386 2041
19 10151
2 344273
14 57773
62 289
32 743
173 1727
590 791
50 2777
1 59233
32 20113
1 166561
78 149
42 383
134 541
12 51581
4 75347
745 974
163 1043
119 497
1 391351
1 360193
487 572
443 2083
23 35447
1 955819
9 12967
125 6863
131 7499
938 990
63 3323
267 2029
69 171
48 227
2 494287
55 11159
786 815
168 739
240 1933
1 241069
60 14669
563 1669
4 4871
687 1085
5 38149
3 269167
629 693
59 10691
583 1551
203 4831
25 32057
1 758671
51 2851
639 1159
93 4297
650 668
41 13759
778 963
548 574
509 631
197 563
867 889
108 2143
205 425
2 191237
886 1035
217 557
415 527
8 103651
707 1042
394 571
57 14747
3 95327
48 839
691 887
910 1074
1 103787
659 1252
3 75721
777 884
312 1759
321 1237
317 1697
27 31387
429 1283
106 9371
414 823
77 3301
3 85133
98 6131
640 673
48 9157
454 1243
134 1667
7 126949
890 949
124 3803
2 239893
21 34511
330 1277
481 493
209 3529
757 1181
444 540
349 1025
2 141269
1 889879
679 709
1 354461
57 1987
213 2287
296 345
557 790
1 663763
51 463
1 346469
26 25939
1 214741
1 617327
460 746
1 206807
636 822
258 3083
541 1269
1 172519
157 3167
83 10597
776 1164
9 34171
686 788
527 1765
5 10459
167 1279
13 46703
60 7829
278 677
561 634
3 44959
295 2753
268 1091
5 59447
52 419
93 10037
51 10243
783 1277
337 733
515 949
83 317
577 1425
500 578
6 19717
131 172
1 647069
137 1021
364 2099
63 3779
108 7937
856 1101
968 1009
6 87151
736 778
298 859
76 12893
163 2437
589 1158
189 5011
18 9497
305 327
89 4657
42 14891
619 798
6 84737
690 699
444 1747
149 4483
171 1471
601 1471
69 6653
2 151343
258 967
24 38707
188 1181
479 589
532 1033
492 1481
128 7703
177 3559
38 11863
3 299807
44 1597
601 999
753 778
157 279
591 1259
256 1907
191 1313
9 2833
151 4523
480 1951
28 25667
612 1481
73 10853
60 3847
462 2003
125 3541
2 462113
47 21067
51 13397
137 2963
21 29297
4 203911
2 421739
268 823
101 7417
491 1211
72 12959
21 17581
86 8663
25 1493
20 8429
434 887
2 499879
330 2341
358 2707
19 3911
10 51577
43 4349
545 1447
223 521
726 1366
16 28723
161 4621
1 922211
334 364
515 1303
6 91957
41 23981
86 6257
258 1997
6 17467
499 607
2 383573
275 1483
725 1297
159 2753
26 23581
224 3613
217 290
11 10909
97 4919
10 56167
586 726
299 1687
691 793
149 403
59 2411
891 1058
43 6829
1 393611
70 3109
876 1019
56 17729
908 1082
482 820
4 51131
191 4027
606 925
1 612877
15 48497
536 817
62 8803
119 5443
210 3083
9 1307
829 870
3 322891
555 1021
30 22447
129 571
8 12781
44 2411
331 969
71 649
407 1253
14 52769
505 934
1 255239
103 6217
409 680
146 5939
12 857
57 9049
679 1013
2 325217
375 537
36 6079
12 52121
614 1591
54 2309
23 2557
53 8837
734 1081
45 12713
24 1879
619 1481
13 3671
1 683653
1 62773
1 951341
402 1621
5 7219
74 2543
11 43019
13 30367
709 952
199 871
857 860
190 409
52 1601
4 171923
54 7603
11 79609
1 794239
450 453
253 365
68 4273
719 798
613 1033
4 241177
393 655
3 64513
32 8971
113 1417
199 4493
1 830041
566 687
72 2081
3 96797
278 1607
5 120223
62 11261
862 1031
433 1017
1 15083
2 193741
23 22637
340 643
483 1047
28 16993
669 965
2 62981
61 13259
7 123817
622 673
358 971
