560 898
1 820243
473 1111
341 489
383 599
11 84401
394 1067
169 337
4 39199
452 2117
426 2069
514 765
682 836
10 58057
210 2411
75 2969
1 262883
456 1931
68 11317
89 5197
14 30517
494 590
124 6247
655 739
642 1247
197 5023
449 1241
347 2581
190 5147
6 26513
309 1037
2 120563
373 586
1 13697
42 6961
519 676
55 9029
2 487831
565 913
17 17713
2 77101
679 1094
6 1427
1 554447
74 1759
225 3347
23 36643
34 28277
41 21013
208 3347
50 19073
1 293651
89 98
56 1949
1 80863
206 4189
45 997
209 323
207 2819
397 947
6 68611
53 2311
2 248389
107 4703
66 4391
69 2069
928 1057
177 3607
74 13037
1 628861
1 356591
813 1215
134 473
6 45979
164 1439
1 267481
5 27617
130 227
74 11633
290 331
2 179261
222 859
714 934
644 782
17 6703
91 9151
58 9109
203 259
7 72953
391 427
237 409
146 2537
20 24407
40 20389
32 18973
7 57853
4 248243
329 330
127 2479
132 5693
28 4673
453 783
7 35509
467 1123
256 275
2 402541
141 5527
569 1183
6 71887
2 247069
622 1393
554 748
692 968
502 949
1 158341
25 21247
94 2887
52 18143
199 667
2 57143
1 897443
718 866
4 4813
308 757
590 1277
501 1637
444 1129
94 9679
559 648
363 653
692 1441
143 787
815 961
5 161731
47 19183
128 7717
4 93637
882 913
49 8039
1 535481
587 758
219 3163
488 611
668 938
228 3793
342 498
30 18803
15 27803
108 491
848 1138
45 19793
287 2063
8 122389
175 2953
663 1030
46 21193
6 95747
353 793
3 152639
1 410243
524 638
15 36373
113 148
48 19609
1 951343
291 1597
2 371143
738 984
786 864
3 123601
1 401987
6 35083
117 2411
16 59021
4 48091
97 2837
307 2491
2 92503
572 808
67 4723
1 206051
2 273641
1 155327
164 331
2 358373
7 134683
870 957
739 1042
1 41399
822 890
60 15031
115 4517
499 1901
514 1069
315 1153
169 268
1 785839
557 1007
359 1373
807 1001
125 3919
515 795
90 6247
142 5527
19 13613
540 881
1 785861
859 864
834 843
259 425
812 911
382 2203
83 1321
629 1455
41 11821
2 146099
943 1039
1 857321
206 733
2 401519
677 769
1 820723
328 2381
38 2389
246 287
3 175229
389 569
373 634
668 1102
4 16267
2 332117
28 2131
19 4159
31 13177
120 3613
570 1459
849 910
4 117751
81 5441
2 17623
6 110909
66 3257
29 15361
703 954
3 113227
916 1048
80 10103
184 797
633 1023
186 907
160 4283
340 2267
647 1137
2 399353
6 38821
65 13903
2 373859
84 5297
79 7699
6 93497
539 911
13 27763
112 8243
378 1129
1 134489
953 965
6 607
13 46633
944 1026
608 862
15 6043
311 356
24 10687
97 2843
3 169591
362 1231
78 463
53 78
824 946
70 2711
358 877
505 782
4 60679
393 1609
194 283
760 871
15 37189
277 2729
33 4637
6 88513
524 1307
1 326597
420 491
1 622547
2 238267
3 250091
30 2879
127 345
533 1271
288 2339
146 1769
279 667
2 397237
12 72907
110 821
493 1143
342 2239
278 977
669 1298
771 1077
1 57689
250 2437
356 2477
21 26633
66 10181
350 2843
462 556
1 111857
193 269
154 971
4 179203
309 501
79 479
469 967
5 19219
1 442327
908 916
5 168901
31 20719
336 1987
4 3079
18 33967
19 30539
504 1493
576 581
40 5501
794 1158
313 318
617 1563
44 4673
22 10267
359 979
156 6287
574 829
401 427
63 2383
714 772
22 20101
78 8543
525 1291
650 1075
17 20327
8 34123
519 624
306 1187
206 1223
443 468
69 7001
22 27191
323 471
5 192667
155 1583
7 12791
1 95717
212 709
6 16231
4 182549
1 997783
1 992513
639 756
524 771
1 891817
8 34687
345 1511
10 51257
391 1973
5 23059
633 1321
718 990
46 19577
1 225241
167 1469
669 1174
323 426
725 730
441 455
686 707
8 95107
467 997
317 3139
509 884
569 1387
31 11939
326 793
7 115211
24 13669
1 24007
4 40111
20 2791
45 20983
767 876
11 43633
250 2551
29 26321
535 656
36 2399
223 240
853 1034
541 1339
428 1523
106 3389
58 4451
801 987
34 5281
1 917843
111 5387
613 1297
7 128833
498 1159
45 20173
2 448703
499 531
424 743
1 154991
29 5077
25 6481
488 1543
59 105
1 397763
117 6653
377 1511
37 12343
1 331691
152 224
536 604
42 9221
21 20549
1 439357
225 281
3 276821
366 1987
52 11213
18 25943
3 297629
1 67819
986 994
133 4157
1 497111
27 12791
10 72467
16 9283
466 784
240 283
1 534013
379 607
559 841
200 733
5 49789
149 2729
300 1367
437 2095
1 744641
630 1039
764 771
294 3181
667 757
499 1095
31 27739
468 701
702 720
89 6983
422 1859
730 1249
604 882
193 2053
154 3797
1 478697
74 10039
3 10613
408 2437
866 946
120 631
92 7823
293 410
746 1093
2 97613
85 6113
673 716
690 1294
19 16183
6 22531
797 1010
303 2287
136 1699
20 6199
1 529307
365 1355
42 2719
111 3727
49 4217
