85 6571
892 1010
89 2281
774 851
32 23143
361 642
591 931
216 751
191 1429
1 949391
122 4231
344 1973
640 673
96 6803
140 5309
3 64489
659 689
177 3719
1 240173
1 426779
503 1309
86 4931
98 8039
344 829
2 174907
15 45557
43 10099
80 11093
30 24547
582 913
2 181019
360 2389
669 1319
361 465
75 3407
692 1031
587 1064
679 902
826 1203
7 125003
1 752891
226 365
7 122209
180 4591
124 5869
1 444109
799 973
294 1657
177 1579
719 1218
694 797
113 5519
1 332309
2 292301
8 89203
389 865
15 5807
234 2663
615 636
313 1405
221 549
958 1037
48 4967
38 23087
46 4091
1 240349
11 7727
10 32611
1 183307
12 61967
1 5623
15 8429
44 8093
8 48539
9 104281
641 1321
332 517
242 3881
538 1193
82 2113
637 907
458 1643
438 550
45 3613
591 1481
183 3907
328 877
81 241
8 9
1 685369
4 57097
5 191783
350 379
654 1093
224 1223
7 76561
117 509
677 1007
484 654
9 95747
1 424777
1 240517
698 1114
49 7949
28 2819
32 6997
12 20959
778 1172
411 631
4 130469
1 650567
35 727
71 3863
36 14551
97 599
394 2287
262 3607
488 818
27 19447
332 1279
59 7369
679 1028
3 279751
98 9151
56 4217
146 3431
141 2089
657 1341
4 50417
495 755
562 1673
177 4567
151 1891
439 1025
387 398
793 1130
80 10243
313 3181
6 108247
30 28549
842 855
193 3511
177 1129
533 843
2 87277
177 563
62 15017
457 850
17 29131
534 550
199 392
1 972493
2 285731
509 1259
903 927
67 7829
601 678
418 2287
20 46771
57 13063
12 76031
574 737
40 10651
10 11927
2 450227
19 1291
468 1579
1 452611
385 1427
60 15277
10 53101
87 11197
691 1429
663 841
829 1172
1 325051
845 970
29 30707
373 1853
6 64037
669 838
1 166021
338 737
326 415
292 1523
157 192
108 1693
582 810
641 715
6 124601
2 23747
68 10753
14 39511
948 975
5 195781
111 8263
12 18301
772 926
17 51973
121 3989
277 2741
19 30893
449 911
836 1038
295 3343
5 87631
905 943
116 7681
166 1139
4 101419
536 580
1 653713
431 554
83 4517
4 65837
1 3319
181 3329
28 6353
21 26573
102 6473
257 3473
740 765
1 800743
283 1877
571 932
2 305209
79 5531
23 27107
14 64013
12 30803
209 332
1 406837
601 749
356 692
939 954
135 179
617 1024
895 1024
1 662063
64 4261
57 6547
922 950
15 56101
250 1867
242 515
570 729
228 2521
85 121
178 5521
566 674
1 259627
21 38959
15 16747
14 22391
436 639
1 147977
1 565769
1 252727
902 1102
224 701
16 6869
1 948151
3 54601
6 40427
1 82051
3 301127
9 32783
287 2579
206 2081
122 7219
5 93263
4 159079
14 52127
55 9133
1 119557
18 8461
2 99667
126 2239
15 33547
735 893
26 3023
759 1018
91 10433
263 3727
212 3271
162 4993
604 786
489 837
72 1997
539 1429
563 907
136 6863
1 49727
975 1016
11 1109
11 76561
16 28603
1 536533
2 353081
21 43943
524 1103
235 1009
12 39217
203 3413
9 47981
461 511
734 1253
25 15493
478 814
3 59093
12 23459
9 53437
509 1093
121 2417
55 13553
96 3079
292 817
236 3931
23 2593
491 779
21 8447
88 3709
1 238261
16 53939
70 6067
267 1931
134 577
778 1077
7 57587
569 1271
793 836
890 1027
103 2449
272 569
2 307093
22 1571
235 1123
178 5003
2 176417
58 4093
55 16561
26 19163
1 457003
46 1511
20 22279
79 8867
497 727
8 77377
324 365
439 660
587 1010
1 145289
688 879
444 1619
53 14503
1 990547
871 1073
95 7937
66 5903
237 699
190 3457
615 740
242 577
441 1949
91 3541
3 318889
58 80
3 261031
22 36677
1 504299
15 49409
6 59497
114 5333
471 943
442 1579
71 4513
268 2273
534 1367
8 6203
120 3793
485 1979
402 478
185 332
5 11927
2 351763
3 183263
16 54409
48 7703
734 1008
647 1170
798 818
471 1369
126 6359
1 787973
524 862
3 252037
254 2731
2 192571
228 2803
11 71861
25 12541
167 1481
3 31337
826 849
932 1018
261 289
486 1873
236 617
1 607349
223 294
110 967
178 4751
407 1289
1 573851
22 22133
702 1018
8 15233
349 2369
6 35107
229 1861
27 15241
85 2971
1 350677
55 12097
35 5387
1 210109
292 683
464 587
470 1987
91 8849
453 1123
156 3361
27 14251
466 791
10 66107
1 913921
14 20089
7 33641
6 152429
355 795
560 600
3 230729
211 841
927 955
12 21851
49 7457
307 3121
1 368359
829 946
33 6961
381 1073
412 863
303 2677
22 31159
149 6431
2 42451
12 62401
18 7673
382 554
3 284161
827 1103
2 253531
51 2749
6 123017
889 950
470 905
94 4517
20 35089
28 21191
179 3193
763 1244
4 2143
564 1229
462 914
368 543
206 4073
1 922357
29 16073
326 1003
1 542111
22 35869
297 2797
40 5483
531 683
8 47527
21 20873
399 410
99 7481
70 1543
6 101537
923 1058
544 546
9 48221
452 631
55 13147
1 286981
237 4049
364 1123
635 872
967 982
